run_sensitivity_analysis
Starting damage simulation..
right!
Done!
   -8.1113

    0.2057

   -8.1472

    0.1948

   -8.1472

    0.1948

  -2.7648e-18

   3.6735e-19

  -5.4238e-17

   1.7016e-18

  -3.3187e-15

   1.9992e-16

   -8.6579

    0.5587

   -8.6579

    0.5587

  -1.0320e-12

   1.4611e-13

  -3.9790e-07

   7.5370e-08

   -8.5981

    6.0818

   -8.6747

    0.7912

   -8.6747

    0.7912

  -4.9920e-09

   2.7428e-09

   -8.6822

    4.7955

   -8.6822

    4.7955

   -8.8330

    0.6808

   -8.8330

    0.6808

   -8.0770

   28.1451

   -8.8455

    0.8156

   -8.8455

    0.8156

   -8.9022

    0.2919

   -8.9022

    0.2919

   -8.9294

    0.2866

   -8.9294

    0.2866

   -8.9908

    0.4123

   -8.9908

    0.4123

  -8.1623e-18

   7.1639e-18

  -2.4988e-15

   1.1167e-15

  -3.3302e-15

   2.0431e-16

   -9.0561

    1.3038

   -9.0561

    1.3038

   -9.0557

    0.5345

   -9.0816

    0.7946

   -9.0816

    0.7946

   -9.1188

    0.2935

   -9.1188

    0.2935

   -9.1297

    0.1571

   -9.1297

    0.1571

   -9.1527

    0.2996

   -9.1527

    0.2996

  -3.2618e-15

   3.4012e-16

  -2.9809e-11

   2.2201e-11

   -9.1865

    0.8801

   -9.1865

    0.8801

   3.5378e+12

   NaN

   7.4846e+11

   NaN

   1.3092e+11

   NaN

   1.5213e+10

   NaN

   1.0542e+09

   NaN

  -5.0558e-17

   1.1351e-16

  -2.7768e-15

   7.9256e-16

  -3.3126e-15

   2.3340e-16

  -2.8565e-11

   5.5893e-11

   -9.1657

    1.6216

   -9.1926

    1.1487

   -9.1926

    1.1487

   -9.1883

    1.0478

   -9.1925

    1.1262

   -9.1932

    1.1124

   -9.1932

    1.1124

  -2.7655e-11

   1.1707e-10

   -9.1025

    1.7386

   -9.2365

    0.5966

   -9.2365

    0.5966

  -3.3636e-15

   1.3070e-16

   -9.0105

    7.8998

   -9.2357

    1.0566

   -9.2488

    0.4798

   -9.2488

    0.4798

   -9.1946

    2.6446

   -9.2825

    0.5749

   -9.2825

    0.5749

   -8.9762

    4.7465

   -9.2679

    0.8259

   -9.3007

    0.2692

   -9.3007

    0.2692

   -9.3093

    0.2441

   -9.3093

    0.2441

   -9.3135

    0.2529

   -9.3135

    0.2529

   -9.3235

    0.2496

   -9.3235

    0.2496

   -9.3443

    0.1707

   -9.3443

    0.1707

   -9.1246

    5.5758

   -9.3319

    0.5322

   -9.3448

    0.2021

   -9.3448

    0.2021

   -9.3508

    0.1391

   -9.3508

    0.1391

   -9.3535

    0.0875

   -9.3535

    0.0875

   -9.3594

    0.0635

   -9.3594

    0.0635

  -3.2425e-13

   4.6423e-15

   -9.3102

    2.1984

   -9.3764

    0.2318

   -9.3764

    0.2318

   -9.2767

    3.2878

   -9.3772

    0.4255

   -9.3772

    0.4255

   -9.3842

    0.3574

   -9.3842

    0.3574

   -9.3746

    0.8548

   -9.3945

    0.2952

   -9.3945

    0.2952

   -9.2218

    2.2167

   -9.3766

    0.6293

   -9.3977

    0.1953

   -9.3977

    0.1953

   -9.3804

    0.6061

   -9.3977

    0.1991

   -9.3997

    0.0935

   -9.3997

    0.0935

   -9.4022

    0.1080

   -9.4022

    0.1080

   -9.3906

    0.3372

   -9.4018

    0.1465

   -9.4032

    0.0844

   -9.4032

    0.0844

   -9.4042

    0.0432

   -9.4042

    0.0432

   -9.4052

    0.0970

   -9.4052

    0.0970

   -9.4062

    0.0965

   -9.4062

    0.0965

   -9.4066

    0.1672

   -9.4066

    0.1672

   -9.4104

    0.0542

   -9.4104

    0.0542

   -9.4119

    0.1066

   -9.4119

    0.1066

   -9.4141

    0.0398

   -9.4141

    0.0398

   -9.4155

    0.0368

   -9.4155

    0.0368

   -9.4182

    0.0885

   -9.4182

    0.0885

   -9.4199

    0.0716

   -9.4199

    0.0716

   -9.4223

    0.0750

   -9.4223

    0.0750

   -9.4233

    0.0942

   -9.4233

    0.0942

   -9.4085

    0.3526

   -9.4227

    0.1267

   -9.4245

    0.0552

   -9.4245

    0.0552

   -9.4246

    0.0755

   -9.4246

    0.0755

   -9.4258

    0.0355

   -9.4258

    0.0355

   -9.4262

    0.0214

   -9.4262

    0.0214

   -9.4266

    0.0643

   -9.4266

    0.0643

   -9.4263

    0.0586

   -9.4269

    0.0641

   -9.4269

    0.0641

   -9.4274

    0.0284

   -9.4274

    0.0284

   -9.4278

    0.0238

   -9.4278

    0.0238

   -9.4281

    0.0297

   -9.4281

    0.0297

   -9.4283

    0.0135

   -9.4283

    0.0135

   -9.4284

    0.0685

   -9.4284

    0.0685

   -9.4286

    0.0828

   -9.4286

    0.0828

   -9.4289

    0.0369

   -9.4289

    0.0369

   -9.4293

    0.0300

   -9.4293

    0.0300

   -9.4297

    0.0301

   -9.4297

    0.0301

   -9.4301

    0.0246

   -9.4301

    0.0246

   -9.4303

    0.0315

   -9.4303

    0.0315

   -9.4306

    0.0225

   -9.4306

    0.0225

   -9.4310

    0.0280

   -9.4310

    0.0280

   -9.4312

    0.0208

   -9.4312

    0.0208

   -9.4315

    0.0576

   -9.4315

    0.0576

   -9.4317

    0.0202

   -9.4317

    0.0202

   -9.4319

    0.0169

   -9.4319

    0.0169

   -9.4321

    0.0168

   -9.4321

    0.0168

   -9.4324

    0.0150

   -9.4324

    0.0150

   -9.4325

    0.0174

   -9.4325

    0.0174

   -9.4330

    0.0241

   -9.4330

    0.0241

   -9.4340

    0.0603

   -9.4340

    0.0603

   2.7185e+09

   NaN

  -2.9571e-15

   2.3513e-16

  -3.0556e-07

   2.9179e-06

   -9.4378

    0.3742

   -9.4378

    0.3742

   1.2610e+07

   NaN

  -3.1484e-13

   1.3437e-13

  -3.1909e-07

   2.1019e-06

   -8.9012

   24.0411

   -9.4104

    0.9109

   -9.4326

    0.4904

   -9.4364

    0.4195

   -9.4374

    0.3906

   -9.4377

    0.3863

   -9.4378

    0.3767

   -9.4378

    0.3739

   -9.4378

    0.3733

   -9.4378

    0.3733

   -9.4451

    0.2179

   -9.4451

    0.2179

   -9.4392

    0.7330

   -9.4506

    0.2110

   -9.4506

    0.2110

   -9.4557

    0.1449

   -9.4557

    0.1449

   -9.4599

    0.1055

   -9.4599

    0.1055

   -9.4629

    0.0611

   -9.4629

    0.0611

   -9.4643

    0.0691

   -9.4643

    0.0691

   -9.4725

    0.0964

   -9.4725

    0.0964

  -3.4117e-09

   1.3591e-08

   -9.0728

    9.5987

   -9.4540

    0.4689

   -9.4707

    0.1488

   -9.4729

    0.0946

   -9.4729

    0.0946

   -9.4748

    0.0745

   -9.4748

    0.0745

   -9.4774

    0.0705

   -9.4774

    0.0705

   -9.4789

    0.0698

   -9.4789

    0.0698

   -9.4803

    0.1914

   -9.4803

    0.1914

   -9.4738

    0.2239

   -9.4793

    0.0988

   -9.4802

    0.0595

   -9.4803

    0.0525

   -9.4803

    0.0525

   -9.4809

    0.0288

   -9.4809

    0.0288

   -9.4813

    0.0253

   -9.4813

    0.0253

   -9.4815

    0.0347

   -9.4815

    0.0347

   -9.4813

    0.0854

   -9.4817

    0.0396

   -9.4817

    0.0396

   -9.4818

    0.0259

   -9.4818

    0.0259

   -9.4821

    0.0245

   -9.4821

    0.0245

   -9.4824

    0.0676

   -9.4824

    0.0676

   -9.4827

    0.0483

   -9.4827

    0.0483

   -9.4834

    0.0410

   -9.4834

    0.0410

  -2.9578e-11

   2.0458e-11

   -9.4821

    0.1915

   -9.4855

    0.0403

   -9.4855

    0.0403

   -9.4849

    0.1333

   -9.4858

    0.0549

   -9.4858

    0.0549

   -9.4865

    0.0804

   -9.4865

    0.0804

   -9.4787

    0.3332

   -9.4862

    0.1157

   -9.4870

    0.0751

   -9.4870

    0.0751

   -9.4802

    0.2872

   -9.4865

    0.0923

   -9.4873

    0.0505

   -9.4873

    0.0505

   -9.4872

    0.1241

   -9.4876

    0.0421

   -9.4876

    0.0421

   -9.4874

    0.0803

   -9.4878

    0.0529

   -9.4878

    0.0529

   -9.4878

    0.1123

   -9.4878

    0.1123

   -9.4886

    0.0981

   -9.4886

    0.0981

   -9.4886

    0.0998

   -9.4890

    0.0463

   -9.4890

    0.0463

   -9.4894

    0.3641

   -9.4894

    0.3641

   -9.3620

    1.7140

   -9.4646

    0.5028

   -9.4838

    0.2503

   -9.4880

    0.1164

   -9.4890

    0.0759

   -9.4893

    0.0788

   -9.4894

    0.0597

   -9.4894

    0.0693

   -9.4894

    0.0693

   -9.4898

    0.1051

   -9.4898

    0.1051

   -9.4897

    0.0641

   -9.4899

    0.0953

   -9.4899

    0.0953

   -9.4899

    0.0713

   -9.4899

    0.0713

   -9.4902

    0.0489

   -9.4902

    0.0489

   -9.4902

    0.0427

   -9.4902

    0.0427

   -9.4904

    0.0476

   -9.4904

    0.0476

   -9.4897

    0.0868

   -9.4903

    0.0423

   -9.4904

    0.0265

   -9.4904

    0.0265

   -9.4905

    0.0176

   -9.4905

    0.0176

   -9.4905

    0.0292

   -9.4905

    0.0292

   -9.4906

    0.1029

   -9.4906

    0.1029

   -9.4881

    0.1128

   -9.4900

    0.1614

   -9.4905

    0.0500

   -9.4906

    0.0342

   -9.4906

    0.0297

   -9.4906

    0.0297

   -9.4907

    0.0129

   -9.4907

    0.0129

   -9.4907

    0.0103

   -9.4907

    0.0103

   -9.4908

    0.0111

   -9.4908

    0.0111

   -9.4908

    0.0107

   -9.4908

    0.0107

   -9.4909

    0.0070

   -9.4909

    0.0070

   -9.4909

    0.0105

   -9.4909

    0.0105

   -9.4910

    0.0186

   -9.4910

    0.0186

   -9.4910

    0.0147

   -9.4910

    0.0147

   -9.4911

    0.0106

   -9.4911

    0.0106

   -9.4912

    0.0098

   -9.4912

    0.0098

   -9.4913

    0.0102

   -9.4913

    0.0102

   -9.4913

    0.0121

   -9.4913

    0.0121

   -9.4913

    0.0139

   -9.4913

    0.0139

   -9.4914

    0.0150

   -9.4914

    0.0150

   -9.4913

    0.0197

   -9.4914

    0.0178

   -9.4914

    0.0158

   -9.4914

    0.0158

   -9.4915

    0.0132

   -9.4915

    0.0132

   -9.4915

    0.0118

   -9.4915

    0.0118

   -9.4915

    0.0094

   -9.4915

    0.0094

   -9.4916

    0.0080

   -9.4916

    0.0080

   -9.4916

    0.0105

   -9.4916

    0.0105

   -9.4916

    0.0105

   -9.4916

    0.0105

   -9.4915

    0.0212

   -9.4916

    0.0111

   -9.4916

    0.0086

   -9.4916

    0.0086

   -9.4916

    0.0088

   -9.4916

    0.0088

   -9.4916

    0.0083

   -9.4916

    0.0083

   -9.4917

    0.0080

   -9.4917

    0.0080

   -9.4917

    0.0102

   -9.4917

    0.0102

   -9.4918

    0.0156

   -9.4918

    0.0156

   -9.4919

    0.0144

   -9.4919

    0.0144

   -9.4920

    0.0148

   -9.4920

    0.0148

   -9.4920

    0.0087

   -9.4920

    0.0087

   -9.4921

    0.0075

   -9.4921

    0.0075

   -9.4921

    0.0157

   -9.4921

    0.0157

   -9.4921

    0.0089

   -9.4921

    0.0089

   -9.4921

    0.0106

   -9.4921

    0.0106

   -9.4922

    0.0089

   -9.4922

    0.0089

   -9.4922

    0.0070

   -9.4922

    0.0070

   -9.4922

    0.0086

   -9.4922

    0.0086

   -9.4922

    0.0062

   -9.4922

    0.0062

   -9.4922

    0.0059

   -9.4922

    0.0059

   -9.4922

    0.0065

   -9.4922

    0.0065

   -9.4922

    0.0070

   -9.4922

    0.0070

   -9.4922

    0.0062

   -9.4922

    0.0062

   -9.4922

    0.0049

   -9.4922

    0.0049

   -9.4922

    0.0035

   -9.4922

    0.0035

   -9.4922

    0.0042

   -9.4922

    0.0042

   -9.4922

    0.0058

   -9.4922

    0.0058

   -9.4926

    0.0146

   -9.4926

    0.0146

   -9.4922

    0.0821

   -9.4924

    0.0549

   -9.4925

    0.0999

   -9.4926

    0.0251

   -9.4926

    0.0251

   -9.4926

    0.0716

   -9.4926

    0.0716

   -9.4888

    0.2628

   -9.4916

    0.1336

   -9.4923

    0.0756

   -9.4925

    0.0442

   -9.4926

    0.0326

   -9.4926

    0.0326

   -9.4924

    0.0576

   -9.4927

    0.0268

   -9.4927

    0.0268

   -9.4924

    0.1000

   -9.4927

    0.0355

   -9.4927

    0.0355

   -9.4924

    0.0500

   -9.4927

    0.0235

   -9.4927

    0.0235

   -9.4927

    0.0301

   -9.4927

    0.0301

   -9.4927

    0.0375

   -9.4927

    0.0375

   -9.4926

    0.0444

   -9.4928

    0.0230

   -9.4928

    0.0230

   -9.4928

    0.0389

   -9.4928

    0.0195

   -9.4928

    0.0195

   -9.4928

    0.0335

   -9.4928

    0.0244

   -9.4929

    0.0152

   -9.4929

    0.0152

   -9.4929

    0.0308

   -9.4929

    0.0308

   -9.4929

    0.0190

   -9.4929

    0.0190

   -9.4928

    0.0225

   -9.4929

    0.0148

   -9.4929

    0.0128

   -9.4929

    0.0128

   -9.4929

    0.0117

   -9.4929

    0.0117

   -9.4929

    0.0052

   -9.4929

    0.0052

   -9.4929

    0.0052

   -9.4929

    0.0052

   -9.4929

    0.0046

   -9.4929

    0.0046

   -9.4929

    0.0189

   -9.4929

    0.0189

   -9.4930

    0.0121

   -9.4930

    0.0121

   -9.4930

    0.0077

   -9.4930

    0.0077

   -9.4930

    0.0078

   -9.4930

    0.0078

   -9.4930

    0.0109

   -9.4930

    0.0109

   -9.4930

    0.0087

   -9.4930

    0.0087

   -9.4930

    0.0103

   -9.4930

    0.0090

   -9.4930

    0.0090

   -9.4930

    0.0093

   -9.4930

    0.0093

   -9.4931

    0.0043

   -9.4931

    0.0043

   -9.4931

    0.0095

   -9.4931

    0.0095

   -9.4931

    0.0128

   -9.4931

    0.0128

   -9.4931

    0.0137

   -9.4931

    0.0137

   -9.4931

    0.0112

   -9.4931

    0.0112

   -9.4931

    0.0084

   -9.4931

    0.0084

   -9.4932

    0.0060

   -9.4932

    0.0060

   -9.4932

    0.0077

   -9.4932

    0.0077

   1.1151e+12

   NaN

   1.7312e+11

   NaN

   1.3682e+10

   NaN

  -2.1160e-11

   1.7324e-11

  -3.1074e-11

   3.6033e-13

  -3.1130e-11

   1.0909e-13

   -4.6404

  189.8594

   -9.4724

    0.7209

   -9.4918

    0.0580

   -9.4929

    0.0303

   -9.4931

    0.0248

   -9.4932

    0.0646

   -9.4932

    0.0646

   -9.4932

    0.0137

   -9.4932

    0.0137

   -9.4932

    0.0055

   -9.4932

    0.0055

   -9.4932

    0.0062

   -9.4932

    0.0062

   -9.4903

    0.0934

   -9.4926

    0.0414

   -9.4931

    0.0226

   -9.4932

    0.0142

   -9.4932

    0.0100

   -9.4932

    0.0100

   -9.4932

    0.0079

   -9.4932

    0.0079

   -9.4932

    0.0033

   -9.4932

    0.0052

   -9.4932

    0.0052

   -9.4932

    0.0040

   -9.4932

    0.0040

   -9.4932

    0.0084

   -9.4932

    0.0084

   -9.4932

    0.0055

   -9.4932

    0.0055

   -9.4932

    0.0045

   -9.4932

    0.0045

   -9.4930

    0.0573

   -9.4931

    0.1832

   -9.4932

    0.0225

   -9.4932

    0.0080

   -9.4932

    0.0026

   -9.4932

    0.0026

   -9.4932

    0.0163

   -9.4932

    0.0048

   -9.4932

    0.0020

   -9.4932

    0.0020

   -9.4932

    0.0106

   -9.4932

    0.0058

   -9.4932

    0.0058

   -9.4932

    0.0180

   -9.4932

    0.0289

   -9.4932

    0.0040

   -9.4932

    0.0040

   -9.4932

    0.0060

   -9.4932

    0.0029

   -9.4932

    0.0029

   -9.4932

    0.0081

   -9.4932

    0.0081

   -9.4932

    0.0196

   -9.4932

    0.0095

   -9.4932

    0.0060

   -9.4932

    0.0047

   -9.4932

    0.0041

   -9.4932

    0.0041

   -9.4932

    0.0168

   -9.4932

    0.0044

   -9.4932

    0.0044

   -9.4932

    0.0070

   -9.4932

    0.0035

   -9.4932

    0.0035

   -9.4932

    0.0114

   -9.4932

    0.0050

   -9.4932

    0.0023

   -9.4932

    0.0023

   -9.4932

    0.0019

   -9.4932

    0.0019

   -9.4932

    0.0039

   -9.4932

    0.0039

   -9.4932

    0.0051

   -9.4932

    0.0038

   -9.4932

    0.0036

   -9.4932

    0.0036

   -9.4932

    0.0034

   -9.4932

    0.0034

   -9.4932

    0.0041

   -9.4932

    0.0041

   -9.4932

    0.0047

   -9.4932

    0.0047

   -9.4932

    0.0023

   -9.4932

    0.0023

   -9.4932

    0.0014

   -9.4932

    0.0014

   -9.4932

    0.0016

   -9.4932

    0.0016

   -9.4912

    0.0744

   -9.4927

    0.0493

   -9.4931

    0.0273

   -9.4932

    0.0129

   -9.4932

    0.0077

   -9.4932

    0.0034

   -9.4932

    0.0034

   -9.4932

    0.0027

   -9.4932

    0.0027

   -9.4932

    0.0100

   -9.4932

    0.0041

   -9.4932

    0.0041

   -9.4932

    0.0042

   -9.4932

    0.0042

   -9.4932

    0.0035

   -9.4932

    0.0035

   -9.4932

    0.0047

   -9.4932

    0.0047

   -9.4932

    0.0034

   -9.4932

    0.0034

   -9.4932

    0.0140

   -9.4932

    0.0140

   -9.4932

    0.0095

   -9.4932

    0.0062

   -9.4932

    0.0062

   -9.4932

    0.0039

   -9.4932

    0.0039

   -9.4932

    0.0033

   -9.4932

    0.0033

   -9.4932

    0.0032

   -9.4932

    0.0032

   -9.4932

    0.0031

   -9.4932

    0.0025

   -9.4932

    0.0025

   -9.4932

    0.0021

   -9.4932

    0.0021

   -9.4932

    0.0037

   -9.4932

    0.0037

   -9.4932

    0.0017

   -9.4932

    0.0017

   -9.4932

    0.0021

   -9.4932

    0.0021

   -9.4932

    0.0023

   -9.4932

    0.0023

   -9.4932

    0.0024

   -9.4932

    0.0024

   -9.4932

    0.0020

   -9.4932

    0.0020

   -9.4932

    0.0031

   -9.4932

    0.0031

   -9.4932

    0.0013

   -9.4932

    0.0013

   -9.4932

    0.0012

   -9.4932

    0.0012

   -9.4932

    0.0017

   -9.4932

    0.0017

   -9.4932

    0.0013

   -9.4932

    0.0013

   -9.4932

    0.0011

   -9.4932

    0.0011

   -9.4932

    0.0010

   -9.4932

    0.0010

   -9.4932

   7.7447e-04

   -9.4932

   7.7447e-04

   -9.4932

   7.7447e-04

clear all
run_sensitivity_analysis
Starting damage simulation..
right!
Done!
   -8.0829

    0.1769

   -8.1121

    0.1503

   -8.1121

    0.1503

   -8.4902

    1.2494

   -8.4902

    1.2494

  -1.3103e-18

   7.1988e-20

  -1.0285e-16

   7.7457e-17

  -2.6750e-16

   1.3097e-17

  -6.6091e-15

   2.7841e-15

   -8.1597

    4.0605

   -8.4685

    1.6900

   -8.4967

    1.3942

   -8.4967

    1.3942

  -3.3480e-15

   1.5936e-16

   -8.6190

    2.4521

   -8.6190

    2.4521

  -9.4406e-13

   1.2623e-12

   -8.6195

    6.1778

   -8.6195

    6.1778

   2.3362e+10

   NaN

   2.7726e+05

   NaN

  -1.1672e-11

   1.5325e-12

   -8.4921

    3.4653

   -8.7530

    1.7139

   -8.7530

    1.7139

   -8.7389

    0.6145

   -8.9088

    0.7650

   -8.9088

    0.7650

  -9.2308e-13

   1.8890e-13

   -7.1699

   37.1366

   -8.9988

    0.5519

   -8.9988

    0.5519

   -9.0507

    0.5662

   -9.0507

    0.5662

  -3.2143e-07

   5.6212e-07

   -8.8503

    5.3998

   -9.0666

    0.7600

   -9.0666

    0.7600

   -8.9713

    2.8651

   -9.0721

    1.0061

   -9.0721

    1.0061

   -8.9808

    2.0690

   -9.0896

    0.5569

   -9.0896

    0.5569

   -9.0368

    0.7617

   -9.1098

    0.4446

   -9.1098

    0.4446

   -9.1423

    0.2643

   -9.1423

    0.2643

  -8.9056e-13

   9.3201e-13

   -9.1476

    3.0566

   -9.1476

    3.0566

   -9.1610

    0.3604

   -9.1610

    0.3604

   -9.1764

    0.3968

   -9.1764

    0.3968

   -8.6794

   19.6759

   -9.2108

    0.3519

   -9.2108

    0.3519

   -9.2731

    0.5563

   -9.2731

    0.5563

   4.8957e+12

   NaN

   9.9898e+11

   NaN

   1.5945e+11

   NaN

   1.5712e+10

   NaN

   4.3983e+08

   NaN

   -8.1277

   16.0106

   -9.2247

    1.9475

   -9.2865

    0.6292

   -9.2865

    0.6292

   -9.2785

    0.8737

   -9.2850

    0.7742

   -9.2864

    0.7364

   -9.2867

    0.7264

   -9.2867

    0.7264

   -9.2811

    0.6723

   -9.2852

    0.6667

   -9.2864

    0.6935

   -9.2866

    0.6831

   -9.2867

    0.7357

   -9.2867

    0.7277

   -9.2867

    0.7277

   -9.2867

    0.7265

   -9.2867

    0.7265

  -3.6345e-09

   1.8551e-07

   -9.0119

    2.2687

   -9.2580

    1.6913

   -9.3157

    0.4520

   -9.3157

    0.4520

   -6.4760

   51.8216

   -9.2719

    1.7937

   -9.3299

    0.3133

   -9.3299

    0.3133

   -9.3360

    0.5284

   -9.3360

    0.5284

   -9.3504

    0.2178

   -9.3504

    0.2178

   -9.3519

    0.3346

   -9.3519

    0.3346

   -9.3637

    0.1800

   -9.3637

    0.1800

   -9.3649

    0.2439

   -9.3649

    0.2439

   -9.3685

    0.2051

   -9.3685

    0.2051

   -9.3755

    0.1222

   -9.3755

    0.1222

   -9.3947

    0.3353

   -9.3947

    0.3353

   -9.4029

    0.1484

   -9.4029

    0.1484

   -9.3784

    0.7420

   -9.4026

    0.2044

   -9.4046

    0.1468

   -9.4046

    0.1468

   -9.4037

    0.2198

   -9.4077

    0.1086

   -9.4077

    0.1086

   -9.4094

    0.0581

   -9.4094

    0.0581

   -9.4105

    0.0689

   -9.4105

    0.0689

   -9.4121

    0.0638

   -9.4121

    0.0638

   -9.4103

    0.2905

   -9.4168

    0.1346

   -9.4168

    0.1346

   -9.4193

    0.1054

   -9.4193

    0.1054

   -9.4227

    0.0817

   -9.4227

    0.0817

   -9.4235

    0.0670

   -9.4235

    0.0670

   -9.4247

    0.0447

   -9.4247

    0.0447

   -9.4256

    0.0337

   -9.4256

    0.0337

   -9.4261

    0.0679

   -9.4261

    0.0679

   -9.4266

    0.0471

   -9.4266

    0.0471

   -9.4269

    0.0270

   -9.4269

    0.0270

   -9.4273

    0.0359

   -9.4273

    0.0359

   -9.4276

    0.0241

   -9.4276

    0.0241

   -9.4280

    0.0388

   -9.4280

    0.0388

   -9.4290

    0.0591

   -9.4290

    0.0591

   -9.4295

    0.0429

   -9.4295

    0.0429

   -9.4304

    0.0491

   -9.4304

    0.0491

   -9.4307

    0.0232

   -9.4307

    0.0232

   -9.4310

    0.0396

   -9.4310

    0.0396

   -9.4312

    0.0292

   -9.4312

    0.0292

   -9.4314

    0.0312

   -9.4314

    0.0312

   -9.4315

    0.0239

   -9.4315

    0.0239

   -9.4320

    0.0914

   -9.4320

    0.0914

   -9.4313

    0.1175

   -9.4320

    0.0712

   -9.4320

    0.0712

   -9.4325

    0.0383

   -9.4325

    0.0383

   -9.4333

    0.0267

   -9.4333

    0.0267

   -9.4341

    0.0444

   -9.4341

    0.0444

   -9.4345

    0.0341

   -9.4345

    0.0341

   -9.4350

    0.0285

   -9.4350

    0.0285

   -9.4346

    0.0366

   -9.4351

    0.0384

   -9.4351

    0.0384

   -9.4355

    0.0287

   -9.4355

    0.0287

   -9.4358

    0.0164

   -9.4358

    0.0164

   -9.4362

    0.0248

   -9.4362

    0.0248

   -9.4367

    0.0301

   -9.4367

    0.0301

   -9.2776

    4.0349

   -9.4400

    0.1066

   -9.4400

    0.1066

  -2.9365e-15

   3.4882e-16

   -7.8536

   52.6128

   -9.4549

    0.2513

   -9.4549

    0.2513

   -9.4611

    0.1888

   -9.4611

    0.1888

   -9.3548

    1.8441

   -9.4299

    0.1379

   -9.4427

    0.1499

   -9.4594

    0.1717

   -9.4651

    0.1195

   -9.4651

    0.1195

   -9.4725

    0.1113

   -9.4725

    0.1113

   -9.4752

    0.0783

   -9.4752

    0.0783

   -9.4772

    0.0655

   -9.4772

    0.0655

   -9.4783

    0.0407

   -9.4783

    0.0407

   -9.4794

    0.0373

   -9.4794

    0.0373

   -9.4802

    0.0767

   -9.4802

    0.0767

   1.1862e+10

   NaN

   1.0350e+07

   NaN

  -3.0951e-11

   3.5066e-13

   -9.4079

    2.1540

   -9.4741

    0.1778

   -9.4794

    0.0900

   -9.4804

    0.0499

   -9.4804

    0.0499

   -9.4809

    0.0352

   -9.4809

    0.0352

   -9.4810

    0.1253

   -9.4810

    0.1253

   -9.4816

    0.0753

   -9.4816

    0.0753

   -9.4820

    0.1331

   -9.4820

    0.1331

   -9.4818

    0.0783

   -9.4819

    0.0711

   -9.4820

    0.0806

   -9.4820

    0.0919

   -9.4820

    0.1051

   -9.4820

    0.1051

   -9.4475

    0.8742

   -9.4736

    0.4339

   -9.4804

    0.1863

   -9.4817

    0.1114

   -9.4820

    0.0619

   -9.4820

    0.0619

   -9.4796

    0.2214

   -9.4818

    0.0850

   -9.4822

    0.0352

   -9.4822

    0.0352

   -9.4821

    0.0561

   -9.4823

    0.0268

   -9.4823

    0.0268

   -9.4822

    0.0632

   -9.4824

    0.0336

   -9.4824

    0.0336

   -9.4820

    0.1140

   -9.4826

    0.0440

   -9.4826

    0.0440

   -9.4823

    0.0792

   -9.4826

    0.0428

   -9.4826

    0.0428

   -9.4829

    0.0355

   -9.4829

    0.0355

   -9.4829

    0.0602

   -9.4830

    0.0458

   -9.4830

    0.0458

   -9.4832

    0.0462

   -9.4832

    0.0462

   -9.4835

    0.0299

   -9.4835

    0.0299

   -9.4834

    0.0666

   -9.4836

    0.0310

   -9.4836

    0.0310

   -9.4838

    0.0479

   -9.4838

    0.0479

   -9.4837

    0.0537

   -9.4838

    0.0386

   -9.4838

    0.0386

   -9.4839

    0.0146

   -9.4839

    0.0146

   -9.4840

    0.0552

   -9.4840

    0.0552

   4.2494e+13

   NaN

   9.4917e+12

   NaN

   1.8811e+12

   NaN

   2.9275e+11

   NaN

   2.4374e+10

   NaN

   1.4506e+06

   NaN

  -2.8104e-15

   7.0499e-16

  -2.4663e-11

   1.5307e-13

  -3.1012e-11

   5.3499e-13

   -9.3320

    5.7244

   -9.4798

    0.0891

   -9.4837

    0.0324

   -9.4841

    0.0332

   -9.4841

    0.0332

   -9.4842

    0.0141

   -9.4842

    0.0141

   -9.4843

    0.0090

   -9.4843

    0.0090

   -9.4844

    0.0228

   -9.4844

    0.0228

   -9.4845

    0.0148

   -9.4845

    0.0148

   -9.4846

    0.0100

   -9.4846

    0.0100

   -9.4847

    0.0126

   -9.4847

    0.0126

   -9.4848

    0.0139

   -9.4848

    0.0139

   -9.4849

    0.0145

   -9.4849

    0.0145

   -9.4850

    0.0543

   -9.4850

    0.0543

   -9.4852

    0.0217

   -9.4852

    0.0217

   -9.4853

    0.0329

   -9.4853

    0.0329

   -9.4857

    0.0333

   -9.4857

    0.0333

   -9.4860

    0.0263

   -9.4860

    0.0263

   -9.4867

    0.0484

   -9.4867

    0.0484

   -9.4849

    0.1717

   -9.4864

    0.0869

   -9.4867

    0.0495

   -9.4867

    0.0495

   -9.4866

    0.1314

   -9.4870

    0.0795

   -9.4870

    0.0795

   -9.4771

    0.4392

   -9.4866

    0.1881

   -9.4876

    0.1013

   -9.4876

    0.1013

   -9.4777

    0.5372

   -9.4870

    0.2548

   -9.4881

    0.1354

   -9.4881

    0.1354

   -9.4882

    0.1400

   -9.4882

    0.1400

   -9.4875

    0.2808

   -9.4898

    0.0734

   -9.4898

    0.0734

   -9.4894

    0.1074

   -9.4904

    0.0566

   -9.4904

    0.0566

   -9.4904

    0.0875

   -9.4904

    0.0875

   -9.4909

    0.0705

   -9.4909

    0.0705

   -9.4887

    0.1486

   -9.4907

    0.0651

   -9.4910

    0.0433

   -9.4910

    0.0433

   -9.4901

    0.1297

   -9.4910

    0.0513

   -9.4911

    0.0291

   -9.4911

    0.0291

   -9.4911

    0.0281

   -9.4911

    0.0281

   -9.4912

    0.0464

   -9.4912

    0.0464

   -9.4908

    0.0679

   -9.4912

    0.0340

   -9.4912

    0.0143

   -9.4912

    0.0143

   -9.4912

    0.0134

   -9.4912

    0.0134

   -9.4911

    0.1000

   -9.4913

    0.0177

   -9.4913

    0.0177

   -9.4913

    0.0400

   -9.4913

    0.0193

   -9.4913

    0.0193

   -9.4914

    0.0113

   -9.4914

    0.0113

   -9.4915

    0.0131

   -9.4915

    0.0131

   -9.4915

    0.0121

   -9.4915

    0.0121

   -9.4916

    0.0133

   -9.4916

    0.0133

   -9.4916

    0.0117

   -9.4916

    0.0117

   -9.4917

    0.0111

   -9.4917

    0.0111

   -9.4918

    0.0181

   -9.4918

    0.0181

   -9.4919

    0.0157

   -9.4919

    0.0157

   -9.4921

    0.0419

   -9.4921

    0.0419

   -9.4925

    0.0259

   -9.4925

    0.0259

  -3.1049e-11

   5.3542e-13

  -3.1089e-11

   2.2335e-13

   -6.1156

  228.4945

   -9.4858

    0.2549

   -9.4923

    0.0363

   -9.4926

    0.0273

   -9.4926

    0.0273

   -9.4928

    0.0205

   -9.4928

    0.0205

   -9.4929

    0.0848

   -9.4929

    0.0848

   -9.4929

    0.0372

   -9.4930

    0.0326

   -9.4930

    0.0326

   -9.4931

    0.0263

   -9.4931

    0.0263

   -9.4931

    0.0142

   -9.4931

    0.0142

   -9.4932

    0.0089

   -9.4932

    0.0089

   -9.4932

    0.0108

   -9.4932

    0.0108

   -9.4932

    0.0456

   -9.4933

    0.0146

   -9.4933

    0.0146

   -9.4933

    0.0107

   -9.4933

    0.0107

   -9.4934

    0.0171

   -9.4934

    0.0171

   -9.4934

    0.0281

   -9.4934

    0.0281

   -9.4926

    0.0487

   -9.4933

    0.0217

   -9.4934

    0.0155

   -9.4934

    0.0155

   -9.4934

    0.0129

   -9.4934

    0.0135

   -9.4934

    0.0144

   -9.4934

    0.0144

   -9.4933

    0.0573

   -9.4934

    0.0369

   -9.4935

    0.0131

   -9.4935

    0.0131

   -9.4931

    0.1096

   -9.4934

    0.0319

   -9.4935

    0.0244

   -9.4935

    0.0129

   -9.4935

    0.0129

   -9.4934

    0.0569

   -9.4935

    0.0269

   -9.4935

    0.0269

   -9.4922

    0.1422

   -9.4932

    0.1475

   -9.4935

    0.1087

   -9.4935

    0.0289

   -9.4935

    0.0289

   -9.4928

    0.1261

   -9.4934

    0.0511

   -9.4935

    0.0249

   -9.4935

    0.0249

   -9.4935

    0.0651

   -9.4935

    0.0651

   -9.4930

    0.1631

   -9.4935

    0.0357

   -9.4936

    0.0207

   -9.4936

    0.0207

   -9.4937

    0.0240

   -9.4937

    0.0240

   -9.4934

    0.0796

   -9.4936

    0.0329

   -9.4937

    0.0191

   -9.4937

    0.0191

   -9.4937

    0.0169

   -9.4937

    0.0169

   -9.4938

    0.0132

   -9.4938

    0.0132

   -9.4938

    0.0361

   -9.4938

    0.0361

   -9.4939

    0.0248

   -9.4939

    0.0248

   -9.4939

    0.0373

   -9.4939

    0.0373

   -9.4939

    0.0293

   -9.4939

    0.0293

   -9.4939

    0.0235

   -9.4939

    0.0235

   -9.4939

    0.0245

   -9.4940

    0.0137

   -9.4940

    0.0137

   -9.4940

    0.0118

   -9.4940

    0.0118

   -9.4940

    0.0122

   -9.4940

    0.0122

   -9.4940

    0.0351

   -9.4940

    0.0249

   -9.4940

    0.0249

   -9.4941

    0.0199

   -9.4941

    0.0199

   -9.4941

    0.0203

   -9.4941

    0.0203

   -9.4941

    0.0110

   -9.4941

    0.0110

   -9.4941

    0.0052

   -9.4941

    0.0052

   -9.4941

    0.0123

   -9.4941

    0.0123

   -9.4941

    0.0105

   -9.4941

    0.0105

   -9.4941

    0.0261

   -9.4941

    0.0194

   -9.4941

    0.0087

   -9.4941

    0.0407

   -9.4941

    0.0284

   -9.4941

    0.0284

   -9.4941

    0.0106

   -9.4941

    0.0106

   -9.4941

    0.0073

   -9.4941

    0.0073

   -9.4942

    0.0081

   -9.4942

    0.0081

   -9.4942

    0.0074

   -9.4942

    0.0074

   -9.4942

    0.0293

   -9.4942

    0.0293

   -9.4942

    0.0138

   -9.4942

    0.0138

  -2.7806e-11

   2.6874e-13

   -9.4650

    0.9611

   -9.4940

    0.0388

   -9.4943

    0.0257

   -9.4943

    0.0257

   -9.4943

    0.0235

   -9.4943

    0.0235

   -9.4943

    0.0243

   -9.4943

    0.0243

   -9.4943

    0.0233

   -9.4943

    0.0218

   -9.4943

    0.0255

   -9.4943

    0.0256

   -9.4943

    0.0252

   -9.4943

    0.0249

   -9.4943

    0.0247

   -9.4943

    0.0247

   -9.4924

    0.1645

   -9.4937

    0.1349

   -9.4942

    0.0439

   -9.4943

    0.0382

   -9.4943

    0.0382

   -9.4933

    0.0779

   -9.4940

    0.1073

   -9.4943

    0.0385

   -9.4943

    0.0259

   -9.4943

    0.0259

   -9.4931

    0.1184

   -9.4942

    0.0695

   -9.4944

    0.0262

   -9.4944

    0.0262

   -9.4943

    0.0594

   -9.4944

    0.0278

   -9.4944

    0.0278

   -9.4943

    0.0532

   -9.4944

    0.0285

   -9.4944

    0.0285

   -9.4939

    0.0959

   -9.4944

    0.0470

   -9.4945

    0.0258

   -9.4945

    0.0258

   -9.4943

    0.0466

   -9.4945

    0.0624

   -9.4945

    0.0624

   -9.4944

    0.0409

   -9.4945

    0.0267

   -9.4945

    0.0523

   -9.4945

    0.0523

   -9.4941

    0.0762

   -9.4945

    0.0293

   -9.4946

    0.0205

   -9.4946

    0.0205

   -9.4946

    0.0240

   -9.4946

    0.0169

   -9.4946

    0.0169

   -9.4945

    0.0284

   -9.4946

    0.0219

   -9.4946

    0.0219

   -9.4946

    0.0253

   -9.4946

    0.0253

   -9.4946

    0.0166

   -9.4946

    0.0166

   -9.4947

    0.0127

   -9.4947

    0.0127

   -9.4947

    0.0060

   -9.4947

    0.0060

   -9.4947

    0.0046

   -9.4947

    0.0046

   -9.4947

    0.0060

   -9.4947

    0.0060

   -9.4947

    0.0204

   -9.4947

    0.0204

   -9.4947

    0.0119

   -9.4947

    0.0119

   -9.4947

    0.0056

   -9.4947

    0.0056

   -9.4947

    0.0093

   -9.4947

    0.0093

   -9.4947

    0.0140

   -9.4947

    0.0140

   -9.4948

    0.0096

   -9.4948

    0.0096

   -9.4948

    0.0050

   -9.4948

    0.0050

   -9.4948

    0.0041

   -9.4948

    0.0041

   -9.4948

    0.0048

   -9.4948

    0.0048

   -9.4948

    0.0036

   -9.4948

    0.0036

   -9.4948

    0.0088

   -9.4948

    0.0115

   -9.4948

    0.0121

   -9.4948

    0.0121

   -9.4948

    0.0045

   -9.4948

    0.0045

   -9.4948

    0.0040

   -9.4948

    0.0040

   -9.4948

    0.0050

   -9.4948

    0.0050

   -9.4948

    0.0055

   -9.4948

    0.0055

   -9.4948

    0.0074

   -9.4948

    0.0055

   -9.4948

    0.0055

   -9.4948

    0.0046

   -9.4948

    0.0046

   -9.4948

    0.0410

   -9.4948

    0.0069

   -9.4948

    0.0069

   -9.4948

    0.0062

   -9.4948

    0.0062

   -9.4948

    0.0033

   -9.4948

    0.0033

   -9.4948

    0.0026

   -9.4948

    0.0026

   -9.4948

    0.0025

   -9.4948

    0.0025

   -9.4948

    0.0047

   -9.4948

    0.0032

   -9.4948

    0.0026

   -9.4948

    0.0026

   -9.4948

    0.0025

   -9.4948

    0.0025

   -9.4949

    0.0023

   -9.4949

    0.0023

   -9.4949

    0.0028

   -9.4949

    0.0028

   -9.4949

    0.0021

   -9.4949

    0.0021

   -9.4949

    0.0025

   -9.4949

    0.0025

   -9.4949

    0.0023

   -9.4949

    0.0023

   -9.4949

    0.0017

   -9.4949

    0.0017

   -9.4949

    0.0011

   -9.4949

    0.0011

   -9.4949

    0.0012

   -9.4949

    0.0012

   -9.4949

    0.0016

   -9.4949

    0.0016

   -9.4949

    0.0016

   -9.4949

    0.0016

   -9.4949

    0.0016

   -9.4949

    0.0016

   -9.4949

   9.7411e-04

   -9.4949

   9.7411e-04

   -9.4949

   9.7411e-04

run_sensitivity_analysis
Starting damage simulation..
right!
Done!
   -8.0354

    0.2335

   -8.0840

    0.1905

   -8.0840

    0.1905

  -5.5206e-09

   2.7281e-09

   -8.2564

    0.5641

   -8.2564

    0.5641

   -8.4628

    7.7809

   -8.4628

    7.7809

   -8.4046

    0.7313

   -8.6469

    1.4353

   -8.6469

    1.4353

   -8.3708

   25.5371

   -8.7384

    0.4852

   -8.7384

    0.4852

   -8.7693

    0.3039

   -8.7693

    0.3039

  -7.0980e-16

   1.3374e-16

  -3.1913e-15

   8.4069e-16

   -8.5990

    5.4267

   -8.8522

    0.6187

   -8.8522

    0.6187

  -6.7638e-16

   5.1479e-16

  -7.2439e-16

   1.7122e-16

  -3.1054e-15

   1.0461e-15

  -5.4343e-09

   8.2283e-09

   -8.7708

    2.3264

   -8.8601

    1.0129

   -8.8601

    1.0129

   -8.8929

    0.3896

   -8.8929

    0.3896

   -8.9166

    0.2567

   -8.9166

    0.2567

   -8.9419

    0.2806

   -8.9419

    0.2806

   -8.7131

    9.0892

   -8.9548

    0.4619

   -8.9548

    0.4619

   -8.9818

    0.3476

   -8.9818

    0.3476

   3.2631e+13

   NaN

   7.6117e+12

   NaN

   1.6512e+12

   NaN

   3.0310e+11

   NaN

   3.5301e+10

   NaN

   1.6785e+08

   NaN

  -7.3307e-16

   1.0682e-16

  -3.2519e-15

   3.6864e-16

   -7.7999

   30.1220

   -9.0709

    0.4373

   -9.0709

    0.4373

   -7.8517

   26.9836

   -9.0895

    0.9461

   -9.0895

    0.9461

   -9.1126

    0.6129

   -9.1126

    0.6129

   -9.0993

    2.3515

   -9.1423

    0.7033

   -9.1423

    0.7033

   -8.9275

    2.6367

   -9.1599

    1.9124

   -9.1599

    1.9124

   1.6970e+09

   NaN

  -2.9761e-15

   2.5514e-16

  -3.0348e-13

   2.9649e-13

   -9.1148

    1.7125

   -9.1744

    0.8035

   -9.1744

    0.8035

   -9.1870

    0.4441

   -9.1870

    0.4441

   -9.2565

    0.5159

   -9.2565

    0.5159

  -3.3226e-15

   2.1722e-16

   -6.2606

   83.8110

   -9.2471

    0.8819

   -9.2735

    0.2904

   -9.2735

    0.2904

   -9.2885

    0.3384

   -9.2885

    0.3384

   -9.3069

    0.1963

   -9.3069

    0.1963

  -4.1639e-09

   8.8302e-09

   -9.0869

    5.7561

   -9.3212

    0.3808

   -9.3212

    0.3808

   -9.3304

    0.1726

   -9.3304

    0.1726

   -9.3362

    0.2869

   -9.3362

    0.2869

   -9.3476

    0.2523

   -9.3476

    0.2523

   -9.3586

    0.1783

   -9.3586

    0.1783

   -9.3836

    0.2772

   -9.3836

    0.2772

  -5.2938e-17

   1.0075e-18

  -5.9362e-17

   9.2723e-19

  -3.2415e-13

   4.5242e-15

  -3.1595e-07

   1.0047e-06

   -9.2147

    3.8529

   -9.3773

    0.5064

   -9.3856

    0.3545

   -9.3856

    0.3545

   -9.3938

    0.3455

   -9.3938

    0.3455

   -9.4034

    0.1325

   -9.4034

    0.1325

   -9.4098

    0.0719

   -9.4098

    0.0719

   -9.4119

    0.0452

   -9.4119

    0.0452

   -9.3447

    1.6535

   -9.4052

    0.2989

   -9.4118

    0.1157

   -9.4125

    0.0642

   -9.4125

    0.0642

   -9.4140

    0.0548

   -9.4140

    0.0548

   -9.4158

    0.0523

   -9.4158

    0.0523

   -9.4175

    0.1115

   -9.4175

    0.1115

   -9.4165

    0.1645

   -9.4186

    0.1464

   -9.4186

    0.1464

   -9.4215

    0.0666

   -9.4215

    0.0666

   -9.4243

    0.0630

   -9.4243

    0.0630

   -9.4267

    0.1169

   -9.4267

    0.1169

   -9.4287

    0.0853

   -9.4287

    0.0853

   -9.4323

    0.2552

   -9.4323

    0.2552

   3.8928e+13

   NaN

   8.8698e+12

   NaN

   1.8357e+12

   NaN

   3.0709e+11

   NaN

   2.9123e+10

   NaN

   2.8278e+07

   NaN

  -8.1947e-18

   5.0878e-18

  -2.5919e-15

   1.5468e-15

  -3.3181e-15

   2.1679e-16

  -3.4977e-07

   1.5199e-06

   -9.3987

    1.2011

   -9.4311

    0.5438

   -9.4329

    0.3714

   -9.4329

    0.3714

   -8.8806

   12.5989

   -9.4055

    1.3482

   -9.4313

    0.6138

   -9.4337

    0.5720

   -9.4337

    0.5720

   -9.4268

    0.7360

   -9.4326

    0.5600

   -9.4337

    0.4972

   -9.4337

    0.4972

   -9.4362

    0.4585

   -9.4362

    0.4585

   -9.4365

    0.2725

   -9.4365

    0.2725

   -9.4410

    0.2769

   -9.4410

    0.2769

   -9.1397

    7.1533

   -9.4318

    0.5092

   -9.4437

    0.3302

   -9.4437

    0.3302

   -9.4469

    0.2831

   -9.4469

    0.2831

   -9.4532

    0.2569

   -9.4532

    0.2569

   -9.4519

    0.2753

   -9.4567

    0.1308

   -9.4567

    0.1308

   -9.4595

    0.0756

   -9.4595

    0.0756

   -9.4618

    0.1014

   -9.4618

    0.1014

   -9.4636

    0.0785

   -9.4636

    0.0785

   -9.4678

    0.1431

   -9.4678

    0.1431

   -9.4715

    0.1739

   -9.4715

    0.1739

   -9.4663

    0.2366

   -9.4749

    0.0838

   -9.4749

    0.0838

   -9.4754

    0.0639

   -9.4754

    0.0639

   -9.4764

    0.0354

   -9.4764

    0.0354

   -9.4767

    0.0509

   -9.4767

    0.0509

   -9.4770

    0.0291

   -9.4770

    0.0291

   -9.4772

    0.0216

   -9.4772

    0.0216

   -9.4774

    0.0328

   -9.4774

    0.0328

   -9.4780

    0.0675

   -9.4780

    0.0675

   -9.4784

    0.0737

   -9.4784

    0.0737

   -9.4790

    0.0480

   -9.4790

    0.0480

   -9.4794

    0.1109

   -9.4794

    0.1109

   -9.4796

    0.0265

   -9.4796

    0.0265

   -9.4798

    0.0204

   -9.4798

    0.0204

   -9.4801

    0.0660

   -9.4801

    0.0660

   -9.4801

    0.0557

   -9.4801

    0.0557

   -9.4805

    0.0868

   -9.4805

    0.0868

   -9.4788

    0.0907

   -9.4803

    0.0386

   -9.4805

    0.0243

   -9.4805

    0.0243

   -9.4808

    0.0205

   -9.4808

    0.0205

   -9.4793

    0.0873

   -9.4811

    0.0371

   -9.4811

    0.0371

   -9.4814

    0.0280

   -9.4814

    0.0280

   -9.4816

    0.0235

   -9.4816

    0.0235

   -9.4819

    0.0178

   -9.4819

    0.0178

   -9.4820

    0.0174

   -9.4820

    0.0174

   -9.4822

    0.0146

   -9.4822

    0.0146

   -9.4824

    0.0242

   -9.4824

    0.0242

   -9.4825

    0.0245

   -9.4825

    0.0245

   -9.4828

    0.0210

   -9.4828

    0.0210

   -9.4830

    0.0220

   -9.4830

    0.0220

   -9.4835

    0.0335

   -9.4835

    0.0335

   -9.4847

    0.0595

   -9.4847

    0.0595

   -9.4830

    0.2923

   -9.4852

    0.1597

   -9.4852

    0.1597

   -9.4834

    0.1910

   -9.4876

    0.0898

   -9.4876

    0.0898

   -9.4834

    0.2207

   -9.4879

    0.0741

   -9.4879

    0.0741

   -9.4873

    0.1399

   -9.4884

    0.0641

   -9.4884

    0.0641

   -9.4870

    0.0891

   -9.4885

    0.0618

   -9.4885

    0.0618

   -9.4885

    0.0680

   -9.4885

    0.0680

   -9.4885

    0.1347

   -9.4885

    0.1347

   -8.4407

   19.8370

   -9.4118

    1.5627

   -9.4739

    0.4553

   -9.4845

    0.2058

   -9.4872

    0.1399

   -9.4880

    0.1007

   -9.4883

    0.0878

   -9.4885

    0.0796

   -9.4885

    0.0758

   -9.4885

    0.0756

   -9.4885

    0.0785

   -9.4885

    0.0785

   -9.4878

    0.1003

   -9.4886

    0.1208

   -9.4886

    0.1208

   -9.4887

    0.1275

   -9.4887

    0.1275

   -9.2853

    1.7322

   -9.4412

    0.5987

   -9.4748

    0.3646

   -9.4847

    0.2709

   -9.4874

    0.1730

   -9.4885

    0.1558

   -9.4888

    0.1209

   -9.4888

    0.1209

   -9.4892

    0.0994

   -9.4892

    0.0994

   -9.4899

    0.0564

   -9.4899

    0.0564

   -9.4901

    0.0447

   -9.4901

    0.0447

   -9.4901

    0.0359

   -9.4901

    0.0359

   -9.4903

    0.0200

   -9.4903

    0.0200

   -9.4904

    0.0180

   -9.4904

    0.0180

   -9.4905

    0.0359

   -9.4905

    0.0359

   -9.4905

    0.0305

   -9.4905

    0.0305

   -9.4907

    0.0423

   -9.4907

    0.0423

   -9.4907

    0.0245

   -9.4907

    0.0245

   -9.4908

    0.0306

   -9.4908

    0.0306

   -6.1831

  123.0640

   -9.4428

    1.0635

   -9.4842

    0.2292

   -9.4896

    0.0877

   -9.4905

    0.0510

   -9.4908

    0.0374

   -9.4908

    0.0288

   -9.4908

    0.0288

   -9.4909

    0.0238

   -9.4909

    0.0238

   -9.4911

    0.0383

   -9.4911

    0.0383

   -9.4914

    0.0361

   -9.4914

    0.0361

   -9.4918

    0.1136

   -9.4918

    0.1136

   -9.4915

    0.1481

   -9.4919

    0.1220

   -9.4919

    0.1220

   -9.4921

    0.1082

   -9.4921

    0.1082

   -9.4925

    0.0498

   -9.4925

    0.0498

  -3.1069e-11

   2.2236e-13

   -9.4716

    0.7450

   -9.4919

    0.0648

   -9.4927

    0.0330

   -9.4927

    0.0330

   -9.4929

    0.0568

   -9.4929

    0.0568

   -9.4930

    0.0277

   -9.4930

    0.0277

   -9.4931

    0.0172

   -9.4931

    0.0172

   -9.4932

    0.0243

   -9.4932

    0.0243

   -9.4932

    0.0719

   -9.4932

    0.0719

   -9.4933

    0.0178

   -9.4933

    0.0178

   -9.4934

    0.0121

   -9.4934

    0.0121

   -9.4934

    0.0136

   -9.4934

    0.0136

   -9.4934

    0.0093

   -9.4934

    0.0093

   -9.4934

    0.0116

   -9.4934

    0.0116

   -9.4935

    0.0153

   -9.4935

    0.0153

   -9.4935

    0.0135

   -9.4935

    0.0135

   -9.4935

    0.0091

   -9.4935

    0.0091

   -9.4935

    0.0211

   -9.4935

    0.0254

   -9.4935

    0.0254

   -9.4935

    0.0088

   -9.4935

    0.0088

   -9.4936

    0.0053

   -9.4936

    0.0053

   -9.4936

    0.0071

   -9.4936

    0.0071

   -9.4936

    0.0052

   -9.4936

    0.0052

   -9.4936

    0.0059

   -9.4936

    0.0059

   -9.4936

    0.0047

   -9.4936

    0.0047

   -9.4936

    0.0086

   -9.4936

    0.0086

   -9.4937

    0.0079

   -9.4937

    0.0079

   -9.4937

    0.0089

   -9.4937

    0.0089

   -9.4937

    0.0092

   -9.4937

    0.0092

   -9.4938

    0.0109

   -9.4938

    0.0109

   -9.4938

    0.0122

   -9.4938

    0.0122

   -9.4939

    0.0243

   -9.4939

    0.0243

   -9.4939

    0.0334

   -9.4939

    0.0334

   -9.4940

    0.0284

   -9.4940

    0.0284

   -9.4940

    0.0293

   -9.4940

    0.0277

   -9.4940

    0.0277

   -9.4941

    0.0294

   -9.4941

    0.0294

   -9.4941

    0.0118

   -9.4941

    0.0118

   -9.4941

    0.0249

   -9.4941

    0.0249

   -9.4941

    0.0434

   -9.4942

    0.0997

   -9.4942

    0.0997

   -9.4941

    0.0413

   -9.4942

    0.0186

   -9.4942

    0.0181

   -9.4942

    0.0181

   -9.4942

    0.0134

   -9.4942

    0.0134

   -9.4942

    0.0221

   -9.4942

    0.0221

   -9.4942

    0.0157

   -9.4942

    0.0157

   -9.4943

    0.0132

   -9.4943

    0.0132

   -9.4875

    0.2346

   -9.4936

    0.0516

   -9.4942

    0.0524

   -9.4943

    0.0109

   -9.4943

    0.0109

   -9.4942

    0.1026

   -9.4943

    0.0273

   -9.4943

    0.0333

   -9.4943

    0.0333

   -9.4932

    0.1119

   -9.4941

    0.0525

   -9.4943

    0.0332

   -9.4943

    0.0192

   -9.4943

    0.0192

   -9.4943

    0.0362

   -9.4943

    0.0254

   -9.4943

    0.0254

   -9.4943

    0.0303

   -9.4943

    0.0303

   -9.4936

    0.1338

   -9.4943

    0.0641

   -9.4944

    0.0292

   -9.4944

    0.0292

   -9.4944

    0.0362

   -9.4944

    0.0362

   -9.4944

    0.0516

   -9.4946

    0.0553

   -9.4946

    0.0553

   -9.4919

    0.1617

   -9.4939

    0.0875

   -9.4944

    0.0406

   -9.4945

    0.0444

   -9.4946

    0.0228

   -9.4946

    0.0228

   -9.4943

    0.0587

   -9.4946

    0.0574

   -9.4946

    0.0175

   -9.4946

    0.0175

   -9.4946

    0.0386

   -9.4946

    0.0710

   -9.4946

    0.0710

   -9.4945

    0.0297

   -9.4946

    0.0313

   -9.4946

    0.0334

   -9.4946

    0.0334

   -9.4946

    0.0141

   -9.4946

    0.0141

   -9.4946

    0.0101

   -9.4946

    0.0101

   -9.4947

    0.0109

   -9.4947

    0.0109

   -9.4947

    0.0122

   -9.4947

    0.0122

   -9.4947

    0.0076

   -9.4947

    0.0076

   -9.4947

    0.0076

   -9.4947

    0.0076

   -9.4947

    0.0173

   -9.4947

    0.0095

   -9.4947

    0.0095

   -9.4947

    0.0065

   -9.4947

    0.0065

   -9.4947

    0.0068

   -9.4947

    0.0068

   -9.4948

    0.0056

   -9.4948

    0.0056

   -9.4948

    0.0072

   -9.4948

    0.0072

   -9.4948

    0.0051

   -9.4948

    0.0051

   -9.4948

    0.0042

   -9.4948

    0.0042

   -9.4948

    0.0036

   -9.4948

    0.0036

   -9.4948

    0.0044

   -9.4948

    0.0044

   -9.4948

    0.0057

   -9.4948

    0.0057

   -9.4949

    0.0177

   -9.4949

    0.0177

   -9.4949

    0.0389

   -9.4949

    0.0389

   -9.4949

    0.0128

   -9.4949

    0.0128

   -9.4950

    0.0152

   -9.4950

    0.0152

   -9.4950

    0.1164

   -9.4950

    0.0222

   -9.4950

    0.0222

   -9.4951

    0.0129

   -9.4951

    0.0129

   -9.4951

    0.0080

   -9.4951

    0.0080

   -9.4951

    0.0112

   -9.4951

    0.0112

   -9.4951

    0.0157

   -9.4951

    0.0157

   -9.4952

    0.0079

   -9.4952

    0.0079

   -9.4952

    0.0063

   -9.4952

    0.0063

   -9.4944

    0.0719

   -9.4951

    0.0226

   -9.4952

    0.0113

   -9.4952

    0.0073

   -9.4952

    0.0073

   -9.4952

    0.0068

   -9.4952

    0.0060

   -9.4952

    0.0060

   -9.4952

    0.0090

   -9.4952

    0.0090

   -9.4952

    0.0062

   -9.4952

    0.0062

   -9.4952

    0.0073

   -9.4952

    0.0073

   -9.4952

    0.0048

   -9.4952

    0.0048

   -9.4952

    0.0036

   -9.4952

    0.0036

   -9.4952

    0.0181

   -9.4952

    0.0040

   -9.4952

    0.0040

   -9.4952

    0.0027

   -9.4952

    0.0027

   -9.4952

    0.0027

   -9.4952

    0.0027

   -9.4952

    0.0021

   -9.4952

    0.0021

   -9.4952

    0.0016

   -9.4952

    0.0016

   -9.4952

   9.8298e-04

   -9.4952

   9.8298e-04

   -9.4952

   9.8298e-04

